202109 202054 202025 
202048 202109 202101 
202028 202102 202109 
202108 202021 202028 
202063 202049 202058 
202056 202006 202015 
202034 202077 202038 
202101 202060 202035 
202098 202068 202087 
202046 202024 202073 
202039 202098 202052 
202091 202063 202015 
202036 202051 202078 
202074 202037 202034 
202067 202041 202044 
202016 202005 202037 
202091 202070 202011 
202072 202066 202012 
202107 202011 202060 
202004 202100 202081 
202040 202097 202106 
202043 202045 202083 
202104 202082 202088 
202008 202070 202005 
202053 202070 202056 
202091 202043 202066 
202051 202024 202031 
202082 202040 202095 
202030 202028 202022 
202036 202056 202006 
202069 202003 202097 
202035 202073 202080 
202073 202017 202094 
202050 202001 202043 
202038 202083 202015 
202052 202101 202083 
202040 202051 202044 
202033 202070 202081 
202034 202073 202023 
202074 202057 202089 
202082 202095 202104 
202088 202067 202065 
202105 202019 202067 
202015 202025 202043 
202019 202004 202028 
202005 202105 202085 
202057 202013 202004 
202086 202082 202002 
202101 202046 202066 
202071 202053 202081 
202102 202085 202095 
202030 202011 202041 
202047 202097 202087 
202026 202084 202108 
202048 202004 202006 
202013 202003 202061 
202092 202026 202001 
202039 202007 202010 
202074 202066 202003 
202047 202081 202053 
202045 202022 202059 
202001 202020 202038 
202095 202045 202048 
202034 202013 202044 
202025 202092 202020 
202049 202046 202082 
202053 202017 202003 
202081 202007 202021 
202077 202102 202044 
202086 202089 202091 
202069 202020 202049 
202039 202021 202037 
202026 202075 202050 
202011 202084 202083 
202079 202063 202069 
202006 202094 202071 
202051 202079 202018 
202095 202078 202031 
202088 202093 202090 
202010 202032 202074 
202047 202063 202069 
202033 202105 202108 
202081 202060 202068 
202007 202104 202082 
202033 202090 202052 
202045 202048 202044 
202093 202079 202014 
202050 202040 202059 
202004 202019 202001 
202089 202006 202084 
202082 202013 202071 
202100 202070 202057 
202059 202027 202089 
202050 202080 202056 
202089 202072 202083 
202039 202048 202013 
202037 202030 202066 
202023 202021 202091 
202034 202085 202033 
202039 202072 202047 
202020 202061 202099 
202082 202016 202058 
202065 202108 202105 
202038 202016 202064 
202035 202106 202047 
202004 202028 202076 
